0 0.06380208333333333 0.10185185185185186 0.10677083333333333 0.09074074074074075
0 0.25625 0.5865740740740741 0.08854166666666667 0.1398148148148148
0 0.3125 0.8444444444444444 0.12604166666666666 0.10370370370370371
0 0.43906249999999997 0.8638888888888889 0.06875 0.06666666666666667
0 0.63671875 0.5365740740740741 0.0640625 0.11574074074074074
0 0.5994791666666667 0.7662037037037037 0.078125 0.1675925925925926
0 0.6526041666666667 0.7537037037037038 0.03958333333333333 0.1388888888888889
0 0.6979166666666666 0.8648148148148148 0.035416666666666666 0.12037037037037038
0 0.7890625 0.8578703703703704 0.05625 0.08425925925925926
0 0.9783854166666667 0.8425925925925927 0.043229166666666666 0.1
