0 0.12156188605108054 0.10046296296296296 0.10559921414538309 0.09166666666666667
0 0.2669449901768173 0.5787037037037037 0.0918467583497053 0.1388888888888889
0 0.30132612966601174 0.8319444444444445 0.12426326129666011 0.10462962962962963
0 0.41748526522593316 0.8537037037037037 0.06876227897838899 0.06666666666666667
0 0.6242632612966601 0.537962962962963 0.06777996070726915 0.11481481481481481
0 0.5736738703339882 0.7615740740740741 0.08447937131630648 0.16574074074074074
0 0.6240176817288801 0.750925925925926 0.046660117878192534 0.13703703703703704
0 0.6581532416502947 0.8601851851851852 0.041257367387033395 0.11851851851851852
0 0.7436149312377209 0.8555555555555556 0.05795677799607072 0.08333333333333334
0 0.9209233791748526 0.8449074074074074 0.04715127701375245 0.09907407407407408
